40
1 5
1 7
1 12
2 3
2 5
2 9
2 14
2 17
3 4
3 8
3 12
3 19
4 6
4 11
4 15
4 21
4 22
5 6
5 9
5 12
5 30
6 7
6 11
6 22
7 8
7 13
7 29
8 10
8 14
8 16
8 19
9 10
9 11
9 17
10 18
10 20
10 22
11 12
11 27
11 28
12 13
12 19
13 14
13 18
14 15
14 19
14 25
15 16
15 23
16 18
16 25
17 18
17 20
17 24
17 29
18 19
19 20
19 26
20 22
20 27
21 22
21 23
22 24
22 25
23 27
23 28
23 30
24 25
24 29
25 26
26 30
26 33
27 28
28 29
29 33
30 31
30 34
30 35
31 34
31 36
31 38
32 33
32 37
33 38
33 39
34 36
35 37
35 38
36 40
37 40
38 39
39 40
